2 0.2484375 0.1984375 0.321875 0.396875
2 0.434375 0.096875 0.23125 0.19375
2 0.4109375 0.4359375 0.290625 0.35
2 0.58125 0.259375 0.278125 0.365625
2 0.728125 0.115625 0.2875 0.23125
2 0.9109375 0.1703125 0.178125 0.340625
2 0.9234375 0.515625 0.153125 0.3375
2 0.9140625 0.83125 0.171875 0.33125
2 0.8046875 0.625 0.253125 0.29375
2 0.6625 0.80625 0.375 0.3875
2 0.403125 0.76875 0.346875 0.44375
2 0.175 0.8609375 0.30625 0.278125
2 0.203125 0.5828125 0.33125 0.39375
2 0.103125 0.3515625 0.20625 0.378125
3 0.60625 0.546875 0.2375 0.325
2 0.7765625 0.3671875 0.234375 0.296875