2 0.4828125 0.3265625 0.11875 0.090625
2 0.578125 0.31875 0.096875 0.075
2 0.503125 0.3953125 0.109375 0.08125
2 0.596875 0.39375 0.0875 0.10625
4 0.6828125 0.4390625 0.11875 0.096875
4 0.4953125 0.4671875 0.103125 0.08125
4 0.4953125 0.540625 0.10625 0.0875
4 0.6484375 0.5734375 0.10625 0.084375
4 0.6328125 0.509375 0.10625 0.084375
4 0.5484375 0.609375 0.1 0.090625
2 0.690625 0.6015625 0.090625 0.090625
2 0.5765625 0.68125 0.090625 0.0875
2 0.6609375 0.6890625 0.096875 0.096875
3 0.940625 0.1515625 0.0875 0.05625
4 0.0765625 0.7734375 0.103125 0.078125
3 0.6625 0.8359375 0.0625 0.05
3 0.7 0.8765625 0.059375 0.034375
4 0.609375 0.8703125 0.08125 0.065625
4 0.5828125 0.8171875 0.0625 0.05625
4 0.7203125 0.4640625 0.040625 0.040625
2 0.6046875 0.7234375 0.071875 0.06875
3 0.71875 0.9296875 0.13125 0.05625
2 0.7265625 0.9734375 0.146875 0.053125