2 0.462890625 0.32532239155920284 0.20078125 0.2895662368112544
2 0.676953125 0.369284876905041 0.18046875 0.17584994138335286
2 0.244140625 0.4167643610785463 0.17734375 0.2543962485345838
2 0.58203125 0.48417350527549824 0.178125 0.2672919109026964
2 0.371875 0.49531066822977726 0.15625 0.21219226260257915
2 0.75546875 0.5169988276670574 0.171875 0.2321219226260258
2 0.428125 0.604337631887456 0.18125 0.21922626025791325
2 0.11171875 0.6617819460726846 0.18125 0.223915592028136
2 0.891015625 0.6647127784290738 0.13828125 0.27432590855803046
2 0.81171875 0.7098475967174678 0.16875 0.2825322391559203
2 0.291015625 0.7391559202813599 0.15859375 0.2309495896834701
2 0.119140625 0.7432590855803048 0.15859375 0.2391559202813599
2 0.494140625 0.7561547479484173 0.17265625 0.2227432590855803
2 0.675390625 0.7620164126611958 0.17734375 0.2696365767878077
2 0.3328125 0.7989449003516998 0.178125 0.2731535756154748