2 0.44021739130434784 0.4387755102040816 0.44157608695652173 0.49387755102040815 0.453804347826087 0.5285714285714286 0.46875 0.5448979591836735 0.4891304347826087 0.5571428571428572 0.5190217391304348 0.5551020408163265 0.5421195652173914 0.5326530612244897 0.5570652173913043 0.46530612244897956 0.5448369565217391 0.4142857142857143 0.532608695652174 0.39183673469387753 0.501358695652174 0.373469387755102 0.4782608695652174 0.37551020408163266 0.4483695652173913 0.4122448979591837
2 0.5366847826086957 0.7408163265306122 0.5339673913043478 0.7918367346938775 0.5380434782608695 0.810204081632653 0.5489130434782609 0.8387755102040816 0.5774456521739131 0.8673469387755102 0.595108695652174 0.8734693877551021 0.6209239130434783 0.8673469387755102 0.6385869565217391 0.8510204081632653 0.654891304347826 0.8183673469387756 0.6616847826086957 0.7795918367346939 0.657608695652174 0.7428571428571429 0.625 0.6857142857142857 0.5828804347826086 0.6714285714285714 0.5720108695652174 0.6755102040816326 0.5489130434782609 0.7
2 0.49320652173913043 0.726530612244898 0.49184782608695654 0.7489795918367347 0.49728260869565216 0.7612244897959184 0.5244565217391305 0.7755102040816326 0.532608695652174 0.7693877551020408 0.5380434782608695 0.726530612244898 0.5489130434782609 0.6959183673469388 0.5489130434782609 0.6653061224489796 0.5407608695652174 0.6469387755102041 0.5258152173913043 0.6448979591836734 0.5149456521739131 0.6530612244897959 0.5027173913043478 0.6816326530612244
2 0.485054347826087 0.6142857142857143 0.485054347826087 0.6469387755102041 0.4945652173913043 0.6571428571428571 0.5081521739130435 0.6571428571428571 0.529891304347826 0.6408163265306123 0.5489130434782609 0.610204081632653 0.5502717391304348 0.5795918367346938 0.5353260869565217 0.5571428571428572 0.5163043478260869 0.5591836734693878 0.49320652173913043 0.5918367346938775
2 0.7472826086956522 0.40816326530612246 0.751358695652174 0.44693877551020406 0.7866847826086957 0.45714285714285713 0.7961956521739131 0.4448979591836735 0.8002717391304348 0.42857142857142855 0.7989130434782609 0.37755102040816324 0.7894021739130435 0.35918367346938773 0.7730978260869565 0.3551020408163265 0.7581521739130435 0.373469387755102
2 0.8057065217391305 0.38571428571428573 0.8029891304347826 0.4142857142857143 0.8301630434782609 0.4204081632653061 0.8355978260869565 0.4306122448979592 0.8301630434782609 0.44693877551020406 0.8369565217391305 0.4326530612244898 0.8396739130434783 0.4489795918367347 0.8519021739130435 0.44081632653061226 0.8654891304347826 0.4142857142857143 0.8709239130434783 0.3673469387755102 0.8614130434782609 0.3408163265306122 0.842391304347826 0.3346938775510204 0.8247282608695652 0.3469387755102041
2 0.717391304347826 0.2897959183673469 0.7065217391304348 0.2897959183673469 0.71875 0.33877551020408164 0.7146739130434783 0.38979591836734695 0.7269021739130435 0.41020408163265304 0.7432065217391305 0.41836734693877553 0.7663043478260869 0.35306122448979593 0.7377717391304348 0.3020408163265306
2 0.5502717391304348 0.4122448979591837 0.5489130434782609 0.4326530612244898 0.5570652173913043 0.46530612244897956 0.5597826086956522 0.5081632653061224 0.5760869565217391 0.5142857142857142 0.6005434782608695 0.5 0.6032608695652174 0.46938775510204084 0.5910326086956522 0.40816326530612246 0.5815217391304348 0.39387755102040817 0.5679347826086957 0.38979591836734695 0.5570652173913043 0.39591836734693875
2 0.7105978260869565 0.5979591836734693 0.7092391304347826 0.6306122448979592 0.720108695652174 0.6571428571428571 0.7350543478260869 0.6673469387755102 0.7567934782608695 0.6612244897959184 0.7663043478260869 0.6224489795918368 0.7608695652173914 0.5836734693877551 0.7472826086956522 0.5816326530612245 0.7404891304347826 0.5714285714285714 0.7282608695652174 0.5673469387755102 0.71875 0.5755102040816327
2 0.7364130434782609 0.5163265306122449 0.7350543478260869 0.5551020408163265 0.7432065217391305 0.5755102040816327 0.7663043478260869 0.5816326530612245 0.7595108695652174 0.5612244897959183 0.7663043478260869 0.5551020408163265 0.782608695652174 0.5816326530612245 0.7880434782608695 0.5387755102040817 0.7839673913043478 0.5142857142857142 0.7758152173913043 0.49795918367346936 0.7527173913043478 0.49387755102040815
2 0.7975543478260869 0.4816326530612245 0.7961956521739131 0.5244897959183673 0.8016304347826086 0.5408163265306123 0.8179347826086957 0.5387755102040817 0.8179347826086957 0.5265306122448979 0.8315217391304348 0.5163265306122449 0.8478260869565217 0.5244897959183673 0.8478260869565217 0.49795918367346936 0.8301630434782609 0.45918367346938777 0.8206521739130435 0.45714285714285713
2 0.8315217391304348 0.7346938775510204 0.8301630434782609 0.7795918367346939 0.8369565217391305 0.8081632653061225 0.8519021739130435 0.8326530612244898 0.8695652173913043 0.8448979591836735 0.9008152173913043 0.8469387755102041 0.9116847826086957 0.8408163265306122 0.9279891304347826 0.8122448979591836 0.9375 0.7816326530612245 0.9375 0.7489795918367347 0.9279891304347826 0.7204081632653061 0.8953804347826086 0.689795918367347 0.8586956521739131 0.689795918367347 0.8369565217391305 0.7142857142857143
2 0.6915760869565217 0.6673469387755102 0.6875 0.7142857142857143 0.6942934782608695 0.7346938775510204 0.7010869565217391 0.7387755102040816 0.6983695652173914 0.7285714285714285 0.7078804347826086 0.7224489795918367 0.7119565217391305 0.7081632653061225 0.720108695652174 0.7244897959183674 0.7323369565217391 0.7224489795918367 0.7377717391304348 0.7122448979591837 0.7309782608695652 0.6693877551020408 0.717391304347826 0.6530612244897959 0.7038043478260869 0.6489795918367347
2 0.7703804347826086 0.7020408163265306 0.7690217391304348 0.7183673469387755 0.78125 0.7163265306122449 0.7894021739130435 0.7040816326530612 0.782608695652174 0.7020408163265306 0.7785326086956522 0.6877551020408164
2 0.7567934782608695 0.7489795918367347 0.7567934782608695 0.7653061224489796 0.7744565217391305 0.7612244897959184 0.7880434782608695 0.7489795918367347 0.7894021739130435 0.7306122448979592 0.7635869565217391 0.7285714285714285
2 0.813858695652174 0.6938775510204082 0.813858695652174 0.7061224489795919 0.8220108695652174 0.7163265306122449 0.8301630434782609 0.6877551020408164
2 0.78125 0.6693877551020408 0.779891304347826 0.6918367346938775 0.7853260869565217 0.7061224489795919 0.7948369565217391 0.6938775510204082 0.8288043478260869 0.6755102040816326 0.8247282608695652 0.6571428571428571 0.8125 0.6448979591836734 0.7934782608695652 0.6489795918367347
2 0.7350543478260869 0.673469387755102 0.7364130434782609 0.7081632653061225 0.748641304347826 0.710204081632653 0.7336956521739131 0.7346938775510204 0.7377717391304348 0.7510204081632653 0.7445652173913043 0.753061224489796 0.7554347826086957 0.7306122448979592 0.7635869565217391 0.6877551020408164 0.7540760869565217 0.673469387755102
2 0.7948369565217391 0.5714285714285714 0.7907608695652174 0.6 0.8002717391304348 0.6 0.8057065217391305 0.5897959183673469 0.8097826086956522 0.6 0.8274456521739131 0.5959183673469388 0.8247282608695652 0.5693877551020409 0.8192934782608695 0.5591836734693878 0.8084239130434783 0.5571428571428572
2 0.6358695652173914 0.6714285714285714 0.6372282608695652 0.6959183673469388 0.654891304347826 0.7163265306122449 0.6725543478260869 0.7142857142857143 0.6875 0.6918367346938775 0.686141304347826 0.6551020408163265 0.6739130434782609 0.6408163265306123 0.6589673913043478 0.6408163265306123
2 0.6630434782608695 0.5551020408163265 0.6630434782608695 0.6285714285714286 0.6766304347826086 0.6408163265306123 0.6956521739130435 0.6387755102040816 0.7051630434782609 0.6224489795918368 0.7051630434782609 0.573469387755102 0.6834239130434783 0.5428571428571428 0.6739130434782609 0.5428571428571428
2 0.6834239130434783 0.5122448979591837 0.6834239130434783 0.5387755102040817 0.6983695652173914 0.5673469387755102 0.7146739130434783 0.5714285714285714 0.7323369565217391 0.5510204081632653 0.7350543478260869 0.5183673469387755 0.7255434782608695 0.49183673469387756 0.7119565217391305 0.48367346938775513 0.7010869565217391 0.4857142857142857 0.6915760869565217 0.49183673469387756
2 0.6222826086956522 0.49183673469387756 0.623641304347826 0.5122448979591837 0.6521739130434783 0.5428571428571428 0.6684782608695652 0.5428571428571428 0.6807065217391305 0.5285714285714286 0.6834239130434783 0.4959183673469388 0.6603260869565217 0.46122448979591835 0.6372282608695652 0.46122448979591835
2 0.5244565217391305 0.32040816326530613 0.5244565217391305 0.35714285714285715 0.5461956521739131 0.37755102040816324 0.5679347826086957 0.3693877551020408 0.5788043478260869 0.33877551020408164 0.5747282608695652 0.3020408163265306 0.5584239130434783 0.2857142857142857 0.5394021739130435 0.29183673469387755
2 0.4375 0.5653061224489796 0.4375 0.5979591836734693 0.4470108695652174 0.6244897959183674 0.4633152173913043 0.6326530612244898 0.483695652173913 0.6142857142857143 0.48777173913043476 0.5714285714285714 0.48233695652173914 0.5551020408163265 0.45516304347826086 0.5408163265306123
2 0.4945652173913043 0.9122448979591836 0.4945652173913043 0.9530612244897959 0.5067934782608695 0.9775510204081632 0.5203804347826086 0.9836734693877551 0.5448369565217391 0.963265306122449 0.5475543478260869 0.9326530612244898 0.5339673913043478 0.9 0.5230978260869565 0.8918367346938776 0.5095108695652174 0.8918367346938776
4 0.9211956521739131 0.8448979591836735 0.9184782608695652 0.8836734693877552 0.9252717391304348 0.9122448979591836 0.9633152173913043 0.9551020408163265 0.998641304347826 0.9653061224489796 0.998641304347826 0.7836734693877551 0.9755434782608695 0.7714285714285715 0.9470108695652174 0.7775510204081633
4 0.5720108695652174 0.9612244897959183 0.5720108695652174 0.9979591836734694 0.6956521739130435 0.9979591836734694 0.6970108695652174 0.9897959183673469 0.688858695652174 0.9469387755102041 0.6630434782608695 0.9020408163265307 0.6480978260869565 0.8959183673469387 0.6182065217391305 0.8938775510204081 0.6005434782608695 0.9020408163265307 0.5815217391304348 0.9285714285714286
4 0.7228260869565217 0.8530612244897959 0.71875 0.8673469387755102 0.7214673913043478 0.9183673469387755 0.7364130434782609 0.9653061224489796 0.75 0.9816326530612245 0.7595108695652174 0.9836734693877551 0.7717391304347826 0.9979591836734694 0.8016304347826086 0.9979591836734694 0.8301630434782609 0.9816326530612245 0.842391304347826 0.9591836734693877 0.8505434782608695 0.9224489795918367 0.84375 0.8612244897959184 0.8315217391304348 0.8387755102040816 0.8043478260869565 0.8081632653061225 0.7866847826086957 0.7979591836734694 0.7595108695652174 0.8061224489795918 0.7350543478260869 0.8244897959183674
4 0.5543478260869565 0.5795918367346938 0.5529891304347826 0.6040816326530613 0.5584239130434783 0.6326530612244898 0.5801630434782609 0.6673469387755102 0.625 0.6775510204081633 0.6589673913043478 0.636734693877551 0.6630434782608695 0.5918367346938775 0.6603260869565217 0.563265306122449 0.6385869565217391 0.5244897959183673 0.623641304347826 0.5122448979591837 0.6005434782608695 0.5102040816326531 0.5828804347826086 0.5183673469387755 0.5679347826086957 0.5387755102040817
4 0.59375 0.336734693877551 0.592391304347826 0.37142857142857144 0.6019021739130435 0.4122448979591837 0.626358695652174 0.44285714285714284 0.6453804347826086 0.45510204081632655 0.6766304347826086 0.4489795918367347 0.7024456521739131 0.41836734693877553 0.7146739130434783 0.3836734693877551 0.71875 0.3408163265306122 0.7133152173913043 0.3081632653061224 0.7051630434782609 0.29183673469387755 0.686141304347826 0.2693877551020408 0.6698369565217391 0.2612244897959184 0.6535326086956522 0.2612244897959184 0.626358695652174 0.27755102040816326 0.6073369565217391 0.3020408163265306