2 0.044444444444444446 0.36892052194543296 0.044444444444444446 0.4151838671411625 0.04912280701754386 0.4424673784104389 0.07602339181286549 0.4958481613285884 0.09707602339181287 0.5183867141162515 0.12748538011695906 0.5409252669039146 0.1976608187134503 0.5705812574139977 0.23976608187134502 0.5729537366548043 0.27134502923976606 0.5670225385527876 0.33567251461988307 0.5338078291814946 0.3730994152046784 0.49228944246737844 0.3953216374269006 0.43297746144721233 0.39883040935672515 0.3748517200474496 0.3883040935672515 0.32858837485172004 0.3730994152046784 0.298932384341637 0.36257309941520466 0.29062870699881377 0.28888888888888886 0.3250296559905101 0.25029239766081873 0.27876631079478054 0.2596491228070175 0.2538552787663108 0.27134502923976606 0.23962040332147094 0.23625730994152047 0.2265717674970344 0.19649122807017544 0.22419928825622776 0.1695906432748538 0.2277580071174377 0.1368421052631579 0.23962040332147094 0.10877192982456141 0.25741399762752076 0.08304093567251462 0.2823250296559905 0.06315789473684211 0.31198102016607354
2 0.28654970760233917 0.2514827995255042 0.2807017543859649 0.269276393831554 0.2830409356725146 0.27402135231316727 0.3169590643274854 0.2704626334519573 0.3321637426900585 0.26334519572953735 0.29239766081871343 0.2491103202846975
2 0.40350877192982454 0.13167259786476868 0.4058479532163743 0.25741399762752076 0.4280701754385965 0.32265717674970346 0.45614035087719296 0.3368920521945433 0.48771929824561405 0.34519572953736655 0.5485380116959064 0.34400948991696323 0.5742690058479533 0.33570581257413995 0.5929824561403508 0.3238434163701068 0.6292397660818714 0.2870699881376038 0.6549707602339181 0.2313167259786477 0.6573099415204678 0.18623962040332148 0.639766081871345 0.14472123368920523 0.6093567251461989 0.10438908659549229 0.583625730994152 0.1221826809015421 0.5508771929824562 0.13167259786476868 0.5356725146198831 0.1423487544483986 0.5052631578947369 0.12336892052194544 0.47719298245614034 0.11506524317912219 0.47134502923976607 0.10676156583629894 0.47017543859649125 0.09015421115065243 0.41871345029239765 0.10676156583629894
2 0.543859649122807 0.0771055753262159 0.5473684210526316 0.10320284697508897 0.5894736842105263 0.10201660735468565 0.5988304093567252 0.09727164887307237 0.5964912280701754 0.09134045077105575 0.5789473684210527 0.08185053380782918
2 0.43859649122807015 0.527876631079478 0.43859649122807015 0.5338078291814946 0.512280701754386 0.5326215895610913 0.47485380116959064 0.5005931198102017 0.45964912280701753 0.49347568208778175 0.447953216374269 0.501779359430605
2 0.4666666666666667 0.4400948991696323 0.4666666666666667 0.45077105575326215 0.47485380116959064 0.465005931198102 0.5052631578947369 0.4970344009489917 0.5251461988304094 0.5041518386714117 0.5263157894736842 0.4709371293001186 0.5415204678362573 0.4211150652431791 0.5064327485380117 0.4234875444839858
2 0.38011695906432746 0.6144721233689205 0.38011695906432746 0.6370106761565836 0.391812865497076 0.6773428232502966 0.40350877192982454 0.6880189798339265 0.408187134502924 0.7058125741399762 0.42105263157894735 0.7141162514827996 0.4222222222222222 0.7295373665480427 0.4421052631578947 0.7485172004744959 0.4619883040935672 0.7568208778173191 0.4654970760233918 0.7508896797153025 0.4584795321637427 0.7330960854092526 0.45263157894736844 0.7212336892052195 0.4444444444444444 0.7164887307236062 0.4421052631578947 0.7069988137603797 0.4327485380116959 0.6998813760379596 0.4269005847953216 0.6690391459074733 0.4023391812865497 0.6120996441281139 0.3929824561403509 0.6073546856465006
2 0.735672514619883 0.5883748517200474 0.7087719298245614 0.6465005931198102 0.6818713450292397 0.6868327402135231 0.6538011695906433 0.7176749703440095 0.631578947368421 0.7283511269276394 0.6198830409356725 0.7402135231316725 0.5567251461988304 0.7627520759193357 0.5578947368421052 0.7663107947805456 0.5754385964912281 0.7746144721233689 0.5859649122807018 0.7734282325029656 0.5929824561403508 0.7829181494661922 0.5883040935672514 0.7912218268090154 0.5929824561403508 0.7935943060498221 0.6538011695906433 0.7710557532621589 0.6888888888888889 0.7437722419928826 0.7134502923976608 0.7105575326215896 0.7333333333333333 0.66785290628707 0.7391812865497076 0.6298932384341637
2 0.42923976608187137 0.5622775800711743 0.4280701754385965 0.5919335705812574 0.4502923976608187 0.6476868327402135 0.495906432748538 0.6892052194543298 0.5228070175438596 0.7283511269276394 0.5345029239766081 0.734282325029656 0.552046783625731 0.730723606168446 0.5637426900584795 0.7153024911032029 0.5707602339181287 0.6263345195729537 0.5485380116959064 0.5883748517200474 0.5333333333333333 0.5883748517200474 0.495906432748538 0.608540925266904 0.4888888888888889 0.594306049822064 0.512280701754386 0.5682087781731909 0.5052631578947369 0.561091340450771 0.43508771929824563 0.5421115065243179
2 0.5450292397660819 0.4424673784104389 0.543859649122807 0.4709371293001186 0.5578947368421052 0.5041518386714117 0.5719298245614035 0.5124555160142349 0.5941520467836258 0.49940688018979834 0.6187134502923977 0.5290628706998813 0.6198830409356725 0.5539739027283511 0.6140350877192983 0.5634638196915777 0.6070175438596491 0.564650059311981 0.591812865497076 0.5800711743772242 0.5859649122807018 0.5990510083036773 0.5859649122807018 0.6144721233689205 0.591812865497076 0.6251482799525504 0.5812865497076023 0.638196915776987 0.5812865497076023 0.7046263345195729 0.6011695906432749 0.7069988137603797 0.6385964912280702 0.6797153024911032 0.6666666666666666 0.6429418742586003 0.6900584795321637 0.5990510083036773 0.7169590643274854 0.5290628706998813 0.6818713450292397 0.48279952550415184 0.6035087719298246 0.42704626334519574 0.5555555555555556 0.4211150652431791
2 0.042105263157894736 0.7449584816132859 0.044444444444444446 0.8185053380782918 0.05847953216374269 0.8540925266903915 0.08070175438596491 0.8861209964412812 0.09590643274853801 0.9051008303677343 0.12982456140350876 0.9323843416370107 0.16023391812865498 0.9466192170818505 0.20701754385964913 0.9584816132858838 0.2795321637426901 0.9561091340450771 0.3064327485380117 0.9466192170818505 0.3321637426900585 0.9288256227758007 0.37894736842105264 0.8896797153024911 0.3953216374269006 0.8695136417556346 0.408187134502924 0.8398576512455516 0.4198830409356725 0.7876631079478055 0.41754385964912283 0.7390272835112692 0.4046783625730994 0.7129300118623962 0.4070175438596491 0.6998813760379596 0.3684210526315789 0.6500593119810202 0.34502923976608185 0.6346381969157769 0.3286549707602339 0.6429418742586003 0.3169590643274854 0.6583629893238434 0.23157894736842105 0.6037959667852907 0.17076023391812867 0.608540925266904 0.1497076023391813 0.6144721233689205 0.0912280701754386 0.6559905100830368 0.0608187134502924 0.6903914590747331 0.050292397660818715 0.7117437722419929
2 0.2631578947368421 0.6097271648873073 0.2631578947368421 0.6263345195729537 0.27251461988304093 0.6227758007117438 0.2783625730994152 0.6393831553973903 0.2970760233918129 0.6334519572953736 0.31812865497076026 0.6192170818505338