2 0.3011111111111111 0.6 0.3 0.6562962962962963 0.31444444444444447 0.7007407407407408 0.3488888888888889 0.7437037037037038 0.38222222222222224 0.76 0.4222222222222222 0.7585185185185185 0.4577777777777778 0.7362962962962963 0.4822222222222222 0.6992592592592592 0.4955555555555556 0.6488888888888888 0.49444444444444446 0.6 0.49 0.5777777777777777 0.48 0.554074074074074 0.45 0.5170370370370371 0.41888888888888887 0.5022222222222222 0.39555555555555555 0.5037037037037037 0.38555555555555554 0.5125925925925926 0.3377777777777778 0.5303703703703704 0.31222222222222223 0.562962962962963
2 0.41888888888888887 0.2518518518518518 0.42333333333333334 0.2740740740740741 0.43444444444444447 0.28 0.4388888888888889 0.29333333333333333 0.46 0.31407407407407406 0.47 0.3377777777777778 0.4822222222222222 0.3422222222222222 0.4855555555555556 0.35555555555555557 0.4955555555555556 0.362962962962963 0.4988888888888889 0.3451851851851852 0.49333333333333335 0.31703703703703706 0.4766666666666667 0.28296296296296297 0.46111111111111114 0.2651851851851852 0.43777777777777777 0.24888888888888888 0.4222222222222222 0.2474074074074074
2 0.29444444444444445 0.3451851851851852 0.29333333333333333 0.3762962962962963 0.3011111111111111 0.4162962962962963 0.31555555555555553 0.45037037037037037 0.3333333333333333 0.4711111111111111 0.3377777777777778 0.4622222222222222 0.3388888888888889 0.4325925925925926 0.3333333333333333 0.3940740740740741 0.34444444444444444 0.3851851851851852 0.35888888888888887 0.35703703703703704 0.37777777777777777 0.28444444444444444 0.37666666666666665 0.26666666666666666 0.37333333333333335 0.26222222222222225 0.34555555555555556 0.2607407407407407 0.32222222222222224 0.2785185185185185 0.3055555555555556 0.30518518518518517
2 0.37222222222222223 0.3688888888888889 0.3711111111111111 0.37777777777777777 0.38222222222222224 0.3896296296296296 0.3988888888888889 0.4414814814814815 0.4 0.49777777777777776 0.4122222222222222 0.49777777777777776 0.45222222222222225 0.47703703703703704 0.4677777777777778 0.4622222222222222 0.4866666666666667 0.42814814814814817 0.4866666666666667 0.42074074074074075 0.45555555555555555 0.36444444444444446 0.4 0.2903703703703704 0.39444444444444443 0.2948148148148148
2 0.2733333333333333 0.15703703703703703 0.27111111111111114 0.20148148148148148 0.2822222222222222 0.24592592592592594 0.2877777777777778 0.25037037037037035 0.30666666666666664 0.18962962962962962 0.3 0.16 0.31 0.16 0.31333333333333335 0.1362962962962963 0.3022222222222222 0.11555555555555555 0.29444444444444445 0.1111111111111111 0.28 0.1348148148148148
2 0.34555555555555556 0.0962962962962963 0.34555555555555556 0.10814814814814815 0.36333333333333334 0.12148148148148148 0.37444444444444447 0.1451851851851852 0.3788888888888889 0.1437037037037037 0.37666666666666665 0.14814814814814814 0.39222222222222225 0.12444444444444444 0.4022222222222222 0.13037037037037036 0.39444444444444443 0.15259259259259259 0.39111111111111113 0.18222222222222223 0.4011111111111111 0.21333333333333335 0.4033333333333333 0.23555555555555555 0.41 0.24444444444444444 0.44 0.24592592592592594 0.4488888888888889 0.2088888888888889 0.4488888888888889 0.18666666666666668 0.44 0.15407407407407409 0.4288888888888889 0.1362962962962963 0.43222222222222223 0.13037037037037036 0.4122222222222222 0.1288888888888889 0.40555555555555556 0.12296296296296297 0.4033333333333333 0.1274074074074074 0.4022222222222222 0.12296296296296297 0.39666666666666667 0.12296296296296297 0.4011111111111111 0.11703703703703704 0.39222222222222225 0.09925925925925926 0.3877777777777778 0.10074074074074074 0.3622222222222222 0.08592592592592592 0.35 0.08888888888888889
2 0.005555555555555556 0.5807407407407408 0 0.5837037037037037 0 0.8918518518518519 0.0044444444444444444 0.8948148148148148 0.044444444444444446 0.8755555555555555 0.04888888888888889 0.8488888888888889 0.052222222222222225 0.8474074074074074 0.06222222222222222 0.8592592592592593 0.08888888888888889 0.8325925925925926 0.11333333333333333 0.7822222222222223 0.12333333333333334 0.7244444444444444 0.11888888888888889 0.68 0.09888888888888889 0.6340740740740741 0.07222222222222222 0.6074074074074074
2 0.1688888888888889 0.5422222222222223 0.1688888888888889 0.5525925925925926 0.17666666666666667 0.5614814814814815 0.17777777777777778 0.5437037037037037 0.17444444444444446 0.5377777777777778
2 0.06777777777777778 0.6014814814814815 0.11 0.6459259259259259 0.12222222222222222 0.562962962962963 0.11444444444444445 0.5555555555555556 0.12222222222222222 0.5555555555555556 0.11888888888888889 0.5481481481481482 0.12444444444444444 0.5422222222222223 0.12222222222222222 0.5407407407407407 0.08444444444444445 0.5925925925925926
2 0.03222222222222222 0.4918518518518519 0.03111111111111111 0.5214814814814814 0.025555555555555557 0.5377777777777778 0.03111111111111111 0.5392592592592592 0.03111111111111111 0.5437037037037037 0.025555555555555557 0.5451851851851852 0.025555555555555557 0.5525925925925926 0.03 0.5481481481481482 0.04666666666666667 0.49333333333333335 0.06 0.48148148148148145 0.06111111111111111 0.46814814814814815 0.09111111111111111 0.4325925925925926 0.09444444444444444 0.4192592592592593 0.07555555555555556 0.4222222222222222 0.06888888888888889 0.42962962962962964 0.06777777777777778 0.4266666666666667 0.06444444444444444 0.43555555555555553 0.057777777777777775 0.4311111111111111 0.056666666666666664 0.4414814814814815 0.043333333333333335 0.44592592592592595 0.05 0.45185185185185184 0.04 0.45481481481481484 0.04111111111111111 0.4622222222222222 0.03666666666666667 0.46370370370370373
3 0.12555555555555556 0.7007407407407408 0.12222222222222222 0.7555555555555555 0.11444444444444445 0.7866666666666666 0.13 0.8311111111111111 0.13555555555555557 0.8251851851851851 0.13777777777777778 0.8074074074074075 0.14444444444444443 0.8059259259259259 0.1322222222222222 0.7911111111111111 0.13444444444444445 0.7837037037037037 0.1388888888888889 0.7851851851851852 0.14666666666666667 0.8133333333333334 0.14555555555555555 0.8592592592592593 0.16 0.8740740740740741 0.18 0.8844444444444445 0.20333333333333334 0.8888888888888888 0.2511111111111111 0.8814814814814815 0.2866666666666667 0.8533333333333334 0.31 0.8148148148148148 0.32222222222222224 0.76 0.32 0.7155555555555555 0.3011111111111111 0.6681481481481482 0.27666666666666667 0.64 0.2577777777777778 0.6296296296296297 0.2288888888888889 0.6237037037037036 0.18666666666666668 0.6355555555555555 0.15777777777777777 0.6518518518518519 0.1411111111111111 0.6681481481481482
2 0.13333333333333333 0.6266666666666667 0.13 0.6622222222222223 0.1388888888888889 0.6666666666666666 0.13111111111111112 0.6725925925925926 0.13555555555555557 0.6725925925925926 0.15666666666666668 0.6503703703703704 0.15777777777777777 0.6414814814814814 0.1688888888888889 0.6414814814814814 0.16777777777777778 0.6251851851851852 0.17555555555555555 0.6325925925925926 0.18555555555555556 0.6074074074074074 0.17222222222222222 0.605925925925926 0.17777777777777778 0.597037037037037 0.15333333333333332 0.590122962962963 0.15444444444444444 0.5733333333333334 0.15 0.562962962962963 0.14222222222222222 0.5748148148148148
2 0.10444444444444445 0.4444444444444444 0.10444444444444445 0.4740740740740741 0.09666666666666666 0.5214814814814814 0.06777777777777778 0.5792592592592593 0.08888888888888889 0.5659259259259259 0.08 0.56 0.0811111111111111 0.5555555555555556 0.08555555555555555 0.5496296296296296 0.09444444444444444 0.5585185185185185 0.1288888888888889 0.5022222222222222 0.1322222222222222 0.4874074074074074 0.12777777777777777 0.43555555555555553 0.13 0.4237037037037037 0.12 0.4237037037037037
4 0.4588888888888889 0.7955555555555556 0.46 0.8533333333333334 0.47 0.8814814814814815 0.49777777777777776 0.92 0.5244444444444445 0.9348148148148148 0.5588888888888889 0.9348148148148148 0.5866666666666667 0.92 0.6044444444444445 0.9007407407407407 0.6144444444444445 0.8814814814814815 0.6244444444444445 0.8474074074074074 0.6244444444444445 0.8 0.59 0.7748148148148148 0.5555555555555556 0.7244444444444444 0.5555555555555556 0.7155555555555555 0.5411111111111111 0.7111111111111111 0.5522222222222222 0.7044444444444444 0.5477777777777778 0.6755555555555556 0.5477777777777778 0.6814814814814815 0.5411111111111111 0.68 0.53 0.6962962962962963 0.5244444444444445 0.6903703703703704 0.5255555555555556 0.6992592592592592 0.5222222222222223 0.6992592592592592 0.5133333333333333 0.6859259259259259 0.5122222222222222 0.6711111111111111 0.5044444444444445 0.6725925925925926 0.5077777777777778 0.6785185185185185 0.5055555555555555 0.6888888888888889 0.51 0.682962962962963 0.5166666666666667 0.7007407407407408 0.5255555555555556 0.7022222222222222 0.5288888888888889 0.7140740740740741 0.5022222222222222 0.7214814814814815 0.49666666666666665 0.7185185185185186 0.49444444444444446 0.7229629629629629 0.49 0.717037037037037 0.4911111111111111 0.7214814814814815 0.4866666666666667 0.72 0.4811111111111111 0.725925925925926 0.48333333333333334 0.7333333333333333 0.4688888888888889 0.7555555555555555
3 0.46111111111111114 0.7896296296296297 0.4588888888888889 0.8340740740740741 0.4722222222222222 0.8844444444444445 0.4855555555555556 0.9051851851851852 0.5166666666666667 0.9318518518518518 0.5544444444444444 0.9377777777777778 0.5788888888888889 0.9274074074074075 0.6066666666666667 0.8992592592592593 0.6222222222222222 0.8622222222222222 0.6277777777777778 0.8222222222222222 0.6255555555555555 0.8 0.5955555555555555 0.7792592592592592 0.5822222222222222 0.7644444444444445 0.5544444444444444 0.7185185185185186 0.5144444444444445 0.717037037037037 0.5 0.7244444444444444 0.4711111111111111 0.7585185185185185
4 0.5244444444444445 0.2874074074074074 0.5255555555555556 0.33185185185185184 0.5322222222222223 0.35703703703703704 0.54 0.3688888888888889 0.5666666666666667 0.38666666666666666 0.5722222222222222 0.38074074074074077 0.5922222222222222 0.3748148148148148 0.6355555555555555 0.37925925925925924 0.64 0.3214814814814815 0.6588888888888889 0.2785185185185185 0.6466666666666666 0.24888888888888888 0.6322222222222222 0.23555555555555555 0.6022222222222222 0.2237037037037037 0.5844444444444444 0.2237037037037037 0.5833333333333334 0.22814814814814816 0.5711111111111111 0.22518518518518518 0.5366666666666666 0.2548148148148148
4 0.6388888888888888 0.33185185185185184 0.64 0.37925925925925924 0.6566666666666666 0.4177777777777778 0.6766666666666666 0.43703703703703706 0.6888888888888889 0.44 0.7122222222222222 0.4162962962962963 0.7244444444444444 0.4325925925925926 0.7255555555555555 0.4266666666666667 0.73 0.4325925925925926 0.75 0.4162962962962963 0.76 0.4222222222222222 0.7777777777777778 0.38666666666666666 0.7788888888888889 0.3718518518518519 0.77 0.3377777777777778 0.77 0.32 0.7644444444444445 0.30962962962962964 0.7677777777777778 0.30962962962962964 0.7544444444444445 0.3022222222222222 0.7588888888888888 0.2948148148148148 0.7555555555555555 0.28888888888888886 0.7288888888888889 0.27111111111111114 0.6966666666666667 0.2651851851851852 0.6677777777777778 0.277037037037037 0.65 0.29777777777777775
3 0.0077777777777777776 0.36592592592592593 0.0077777777777777776 0.4088888888888889 0.017777777777777778 0.4414814814814815 0.023333333333333334 0.4444444444444444 0.04 0.42518518518518517 0.04555555555555556 0.43407407407407406 0.05 0.43407407407407406 0.07333333333333333 0.42074074074074075 0.09777777777777778 0.4162962962962963 0.10666666666666667 0.40296296296296297 0.10222222222222223 0.3940740740740741 0.11555555555555555 0.3896296296296296 0.12444444444444444 0.3762962962962963 0.12111111111111111 0.3688888888888889 0.1322222222222222 0.36148148148148146 0.14222222222222222 0.3451851851851852 0.13666666666666666 0.34074074074074073 0.1411111111111111 0.3214814814814815 0.13444444444444445 0.30962962962962964 0.11888888888888889 0.29777777777777775 0.09444444444444444 0.28888888888888886 0.07333333333333333 0.2874074074074074 0.05444444444444444 0.2948148148148148 0.03111111111111111 0.3125925925925926 0.016666666666666666 0.3362962962962963
2 0.4477777777777778 0.2222222222222222 0.44333333333333336 0.2518518518518518 0.46555555555555556 0.26666666666666666 0.48 0.2859259259259259 0.4922222222222222 0.3125925925925926 0.49777777777777776 0.3362962962962963 0.4922222222222222 0.36148148148148146 0.4955555555555556 0.3585185185185185 0.5011111111111111 0.3718518518518519 0.5111111111111111 0.37333333333333335 0.5233333333333333 0.33925925925925926 0.5211111111111111 0.28296296296296297 0.5144444444444445 0.26222222222222225 0.49333333333333335 0.2311111111111111 0.4811111111111111 0.22074074074074074 0.4533333333333333 0.21185185185185185
4 0.005555555555555556 0.2237037037037037 0 0.2237037037037037 0 0.2414814814814815 0.005555555555555556 0.23555555555555555 0.008888888888888889 0.2474074074074074 0.016666666666666666 0.2474074074074074 0.016666666666666666 0.24 0.028888888888888888 0.23407407407407407 0.025555555555555557 0.22814814814814816
3 0.6288888888888889 0.8251851851851851 0.6244444444444445 0.8607407407407407 0.6155555555555555 0.8844444444444445 0.62 0.9214814814814815 0.6333333333333333 0.9540740740740741 0.6588888888888889 0.9822222222222222 0.6911111111111111 0.9955555555555555 0.7255555555555555 0.9925925925925926 0.7577777777777778 0.9703703703703703 0.7811111111111111 0.9288888888888889 0.7866666666666666 0.882962962962963 0.7766666666666666 0.837037037037037 0.7722222222222223 0.8311111111111111 0.7533333333333333 0.8385185185185186 0.7333333333333333 0.8340740740740741 0.71 0.7851851851851852 0.6788888888888889 0.7985185185185185 0.6444444444444445 0.802962962962963 0.6344444444444445 0.8118518518518518
3 0.5744444444444444 0.38222222222222224 0.57 0.38814814814814813 0.5711111111111111 0.39555555555555555 0.6077777777777778 0.4059259259259259 0.6122222222222222 0.41333333333333333 0.6277777777777778 0.42074074074074075 0.6377777777777778 0.42074074074074075 0.6588888888888889 0.4696296296296296 0.6677777777777778 0.4740740740740741 0.6744444444444444 0.4696296296296296 0.6688888888888889 0.4651851851851852 0.6711111111111111 0.4533333333333333 0.6666666666666666 0.43851851851851853 0.64 0.39111111111111113 0.6233333333333333 0.38074074074074077 0.5955555555555555 0.3762962962962963 0.5811111111111111 0.38222222222222224 0.58 0.3985185185185185
3 0.6877777777777778 0.5066666666666667 0.6888888888888889 0.5303703703703704 0.6988888888888889 0.5288888888888889 0.7077777777777777 0.5185185185185185 0.7077777777777777 0.5125925925925926 0.7322222222222222 0.47555555555555556 0.7388888888888889 0.44296296296296295 0.7366666666666667 0.43407407407407406 0.7255555555555555 0.43555555555555553 0.7133333333333334 0.4488888888888889
3 0.5411111111111111 0.42074074074074075 0.5366666666666666 0.44592592592592595 0.5511111111111111 0.4785185185185185 0.5644444444444444 0.49777777777777776 0.5633333333333334 0.5037037037037037 0.5733333333333334 0.5274074074074074 0.5833333333333334 0.5333333333333333 0.5855555555555556 0.5422222222222223 0.5933333333333334 0.5481481481481482 0.59 0.554074074074074 0.5933333333333334 0.5614814814814815 0.6155555555555555 0.554074074074074 0.6177777777777778 0.5392592592592592 0.61 0.52 0.6033333333333334 0.47703703703703704 0.5855555555555556 0.42962962962962964 0.57 0.4192592592592593 0.5522222222222222 0.4162962962962963
3 0.7522222222222222 0.4311111111111111 0.7388888888888889 0.4888888888888889 0.7255555555555555 0.5185185185185185 0.7033333333333334 0.5496296296296296 0.7033333333333334 0.5555555555555556 0.7322222222222222 0.5777777777777777 0.7544444444444445 0.6162962962962963 0.7744444444444445 0.6162962962962963 0.7888888888888889 0.6103703703703703 0.8144444444444444 0.5837037037037037 0.8255555555555556 0.5525925925925926 0.8277777777777777 0.5185185185185185 0.8188888888888889 0.48 0.8022222222222222 0.4533333333333333 0.7855555555555556 0.43703703703703706 0.7644444444444445 0.4266666666666667
4 0.4533333333333333 0.7407407407407407 0.42333333333333334 0.76 0.40555555555555556 0.762962962962963 0.37444444444444447 0.76 0.35555555555555557 0.7511111111111111 0.3688888888888889 0.7837037037037037 0.37222222222222223 0.8222222222222222 0.38222222222222224 0.8296296296296296 0.4033333333333333 0.8340740740740741 0.4311111111111111 0.8177777777777778 0.4533333333333333 0.7881481481481482 0.4577777777777778 0.76 0.4577777777777778 0.7407407407407407
4 0.8133333333333334 0.13333333333333333 0.8133333333333334 0.16296296296296298 0.8277777777777777 0.2 0.8388888888888889 0.20444444444444446 0.8366666666666667 0.2162962962962963 0.8511111111111112 0.21777777777777776 0.8688888888888889 0.22962962962962963 0.9011111111111111 0.22962962962962963 0.9188888888888889 0.21777777777777776 0.9522222222222222 0.1748148148148148 0.9611111111111111 0.14666666666666667 0.9622222222222222 0.11703703703703704 0.9511111111111111 0.08 0.9333333333333333 0.056296296296296296 0.92 0.047407407407407405 0.8944444444444445 0.04296296296296296 0.8777777777777778 0.047407407407407405 0.8666666666666667 0.05925925925925926 0.8533333333333334 0.06518518518518518 0.8466666666666667 0.09037037037037036 0.84 0.09925925925925926 0.8333333333333334 0.0962962962962963 0.8266666666666667 0.10222222222222223 0.8244444444444444 0.11851851851851852 0.8177777777777778 0.12148148148148148
3 0.7733333333333333 0.32296296296296295 0.7722222222222223 0.3362962962962963 0.7844444444444445 0.3851851851851852 0.8122222222222222 0.3940740740740741 0.8311111111111111 0.39111111111111113 0.8444444444444444 0.38222222222222224 0.8577777777777778 0.36444444444444446 0.8666666666666667 0.3362962962962963 0.8633333333333333 0.30666666666666664 0.8533333333333334 0.2859259259259259 0.8322222222222222 0.2696296296296296 0.8155555555555556 0.2859259259259259 0.8 0.2874074074074074 0.7877777777777778 0.2948148148148148
4 0.7644444444444445 0.21925925925925926 0.7566666666666667 0.2474074074074074 0.7622222222222222 0.25333333333333335 0.7688888888888888 0.2785185185185185 0.7722222222222223 0.2785185185185185 0.78 0.2740740740740741 0.7788888888888889 0.2548148148148148 0.7833333333333333 0.24592592592592594 0.7777777777777778 0.21925925925925926 0.7711111111111111 0.21037037037037037
3 0.8244444444444444 0.47555555555555556 0.8233333333333334 0.48592592592592593 0.83 0.5125925925925926 0.8288888888888889 0.554074074074074 0.8333333333333334 0.5674074074074074 0.85 0.5837037037037037 0.87 0.5940740740740741 0.9044444444444445 0.5881481481481482 0.9244444444444444 0.5748148148148148 0.9377777777777778 0.5555555555555556 0.9488888888888889 0.52 0.9488888888888889 0.5007407407407407 0.9377777777777778 0.4622222222222222 0.92 0.4414814814814815 0.9066666666666666 0.43407407407407406 0.8611111111111112 0.43703703703703706 0.8388888888888889 0.4533333333333333
3 0.3233333333333333 0.7229629629629629 0.3244444444444444 0.7659259259259259 0.31777777777777777 0.7985185185185185 0.3055555555555556 0.8296296296296296 0.27666666666666667 0.8666666666666667 0.26 0.88 0.23 0.8918518518518519 0.2411111111111111 0.9081481481481481 0.24888888888888888 0.9066666666666666 0.2477777777777778 0.9155555555555556 0.2688888888888889 0.9081481481481481 0.2788888888888889 0.9274074074074075 0.3055555555555556 0.9288888888888889 0.34 0.9081481481481481 0.3611111111111111 0.8814814814814815 0.37 0.8488888888888889 0.37222222222222223 0.8251851851851851 0.3688888888888889 0.7837037037037037 0.36 0.7585185185185185
3 0.3788888888888889 0.9155555555555556 0.37666666666666665 0.965925925925926 0.38 0.9777777777777777 0.3977777777777778 0.9985185185185185 0.4688888888888889 0.9985185185185185 0.4777777777777778 0.9925925925925926 0.47444444444444445 0.9096296296296297 0.4722222222222222 0.8918518518518519 0.46444444444444444 0.8755555555555555 0.45 0.8666666666666667 0.40444444444444444 0.8725925925925926 0.3933333333333333 0.8903703703703704 0.38222222222222224 0.8992592592592593 0.38222222222222224 0.9111111111111111
4 0.7877777777777778 0.18222222222222223 0.7855555555555556 0.18518518518518517 0.7922222222222223 0.19703703703703704 0.79 0.22074074074074074 0.8022222222222222 0.2577777777777778 0.8055555555555556 0.26222222222222225 0.8133333333333334 0.25925925925925924 0.8177777777777778 0.21777777777777776 0.8233333333333334 0.2548148148148148 0.8377777777777777 0.25925925925925924 0.8488888888888889 0.2725925925925926 0.8688888888888889 0.31407407407407406 0.8688888888888889 0.32592592592592595 0.8722222222222222 0.3274074074074074 0.8933333333333333 0.2874074074074074 0.8977777777777778 0.2562962962962963 0.8966666666666666 0.23555555555555555 0.8677777777777778 0.2325925925925926 0.8488888888888889 0.21925925925925926 0.8355555555555556 0.2162962962962963 0.8255555555555556 0.2074074074074074 0.8111111111111111 0.17185185185185184
4 0.21222222222222223 0.9303703703703704 0.2088888888888889 0.9377777777777778 0.22 0.9437037037037037 0.22111111111111112 0.9377777777777778 0.22444444444444445 0.9422222222222222 0.21888888888888888 0.9288888888888889
3 0.17444444444444446 0.9896296296296296 0.17333333333333334 0.9985185185185185 0.21305555555555555 0.9985185185185185 0.21333333333333335 0.9837037037037037 0.22111111111111112 0.9866666666666667 0.21873 0.9985185185185185 0.22440444444444443 0.9985185185185185 0.22666666666666666 0.9881481481481481 0.23222222222222222 0.9881481481481481 0.2300788888888889 0.9985185185185185 0.23575444444444443 0.9985185185185185 0.23777777777777778 0.9881481481481481 0.2414288888888889 0.9985185185185185 0.24710333333333334 0.9985185185185185 0.24333333333333335 0.9881481481481481 0.24555555555555555 0.9851851851851852 0.25333333333333335 0.9866666666666667 0.25277777777777777 0.9985185185185185 0.3322222222222222 0.9985185185185185 0.32666666666666666 0.9703703703703703 0.31666666666666665 0.9525925925925925 0.3022222222222222 0.9362962962962963 0.2877777777777778 0.9318518518518518 0.27444444444444444 0.9362962962962963 0.27444444444444444 0.9466666666666667 0.25666666666666665 0.9837037037037037 0.22555555555555556 0.9866666666666667 0.21 0.9822222222222222 0.19 0.957037037037037
3 0.0033333333333333335 0.9303703703703704 0.0011111111111111111 0.9955555555555555 0.0044444444444444444 0.9985185185185185 0.14555555555555555 0.9985185185185185 0.1388888888888889 0.9703703703703703 0.1 0.9466666666666667 0.09111111111111111 0.9451851851851852 0.07222222222222222 0.957037037037037 0.057777777777777775 0.957037037037037 0.03222222222222222 0.9451851851851852 0.024444444444444446 0.9259259259259259