2 0.22777777777777777 0.5311111111111111 0.2263888888888889 0.5666666666666667 0.23472222222222222 0.6044444444444445 0.3 0.66 0.3347222222222222 0.7577777777777778 0.34305555555555556 0.7644444444444445 0.37222222222222223 0.7666666666666667 0.43472222222222223 0.7422222222222222 0.46944444444444444 0.7 0.49444444444444446 0.6311111111111111 0.49444444444444446 0.5222222222222223 0.4375 0.3933333333333333 0.42916666666666664 0.38 0.39305555555555555 0.35777777777777775 0.3347222222222222 0.36 0.2791666666666667 0.4022222222222222 0.24027777777777778 0.46444444444444444
2 0.3736111111111111 0.2777777777777778 0.37083333333333335 0.32666666666666666 0.37916666666666665 0.3488888888888889 0.43194444444444446 0.37777777777777777 0.44305555555555554 0.3933333333333333 0.46805555555555556 0.38 0.5347222222222222 0.3933333333333333 0.5305555555555556 0.4266666666666667 0.5013888888888889 0.46 0.49583333333333335 0.4777777777777778 0.49722222222222223 0.49333333333333335 0.5041666666666667 0.49777777777777776 0.5263888888888889 0.48 0.5611111111111111 0.42 0.6097222222222223 0.3022222222222222 0.6194444444444445 0.24444444444444444 0.6138888888888889 0.18 0.5722222222222222 0.11333333333333333 0.5486111111111112 0.09555555555555556 0.49444444444444446 0.08 0.4708333333333333 0.08666666666666667 0.43194444444444446 0.11333333333333333 0.3972222222222222 0.16444444444444445 0.38055555555555554 0.21555555555555556
2 0.775 0.5155555555555555 0.7722222222222223 0.5355555555555556 0.7833333333333333 0.5422222222222223 0.7902777777777777 0.5866666666666667 0.8180555555555555 0.6088888888888889 0.8375 0.5911111111111111 0.8541666666666666 0.5533333333333333 0.8097222222222222 0.5222222222222223
2 0.5652777777777778 0.7 0.5638888888888889 0.7555555555555555 0.5777777777777777 0.7777777777777778 0.6097222222222223 0.8088888888888889 0.6347222222222222 0.8088888888888889 0.6569444444444444 0.74 0.6555555555555556 0.6844444444444444 0.65 0.6711111111111111 0.6097222222222223 0.6577777777777778 0.5791666666666667 0.6644444444444444
2 0.5263888888888889 0.52 0.5277777777777778 0.5288888888888889 0.5527777777777778 0.5444444444444444 0.5444444444444444 0.5644444444444444 0.5236111111111111 0.5711111111111111 0.5236111111111111 0.5911111111111111 0.5694444444444444 0.6133333333333333 0.6333333333333333 0.6177777777777778 0.6444444444444445 0.6088888888888889 0.6486111111111111 0.5777777777777777 0.6944444444444444 0.56 0.7013888888888888 0.5022222222222222 0.7159722222222222 0.47 0.7638888888888888 0.42444444444444446 0.7736111111111111 0.43555555555555553 0.7888888888888889 0.43333333333333335 0.8180555555555555 0.4 0.8097222222222222 0.38 0.7777777777777778 0.3511111111111111 0.7486111111111111 0.3377777777777778 0.6930555555555555 0.3333333333333333 0.6527777777777778 0.3422222222222222 0.6055555555555555 0.37555555555555553 0.5652777777777778 0.42 0.5388888888888889 0.4666666666666667
2 0.6361111111111111 0.8511111111111112 0.6347222222222222 0.8955555555555555 0.6430555555555556 0.9511111111111111 0.6583333333333333 0.9977777777777778 0.9680555555555556 0.9977777777777778 0.9902777777777778 0.9155555555555556 0.9888888888888889 0.8466666666666667 0.975 0.7888888888888889 0.9347222222222222 0.7311111111111112 0.8875 0.6911111111111111 0.7875 0.6555555555555556 0.7444444444444445 0.6577777777777778 0.7055555555555556 0.6822222222222222 0.7013888888888888 0.7244444444444444 0.6944444444444444 0.7422222222222222 0.6805555555555556 0.7488888888888889 0.6638888888888889 0.7377777777777778 0.6555555555555556 0.7533333333333333 0.6402777777777777 0.8088888888888889
2 0.8861111111111111 0.4955555555555556 0.8888888888888888 0.5111111111111111 0.8694444444444445 0.6133333333333333 0.8861111111111111 0.6511111111111111 0.8902777777777777 0.6888888888888889 0.9333333333333333 0.7244444444444444 0.9708333333333333 0.7733333333333333 0.9986111111111111 0.7755555555555556 0.9986111111111111 0.38222222222222224 0.9611111111111111 0.39111111111111113 0.9236111111111112 0.42444444444444446
2 0.7888888888888889 0.22666666666666666 0.7875 0.2866666666666667 0.7972222222222223 0.3511111111111111 0.8208333333333333 0.38666666666666666 0.8291666666666667 0.3888888888888889 0.8416666666666667 0.3711111111111111 0.8416666666666667 0.33555555555555555 0.8583333333333333 0.33111111111111113 0.8611111111111112 0.3422222222222222 0.8888888888888888 0.3377777777777778 0.9069444444444444 0.3488888888888889 0.9138888888888889 0.34 0.9361111111111111 0.35777777777777775 0.9611111111111111 0.36 0.9694444444444444 0.38 0.9986111111111111 0.37555555555555553 0.9986111111111111 0.04666666666666667 0.9611111111111111 0.03111111111111111 0.9361111111111111 0.03111111111111111 0.8847222222222222 0.05555555555555555 0.8263888888888888 0.12 0.8 0.1711111111111111
2 0.7194444444444444 0.028888888888888888 0.7180555555555556 0.06666666666666667 0.725 0.12666666666666668 0.7444444444444445 0.15777777777777777 0.7583333333333333 0.21333333333333335 0.7777777777777778 0.23555555555555555 0.7861111111111111 0.2311111111111111 0.7986111111111112 0.16666666666666666 0.8277777777777777 0.1111111111111111 0.8736111111111111 0.06 0.9208333333333333 0.028888888888888888 0.8916666666666667 0 0.725 0
2 0.7527777777777778 0.21777777777777776 0.7541666666666667 0.27055555555555555 0.7486111111111111 0.30444444444444446 0.7875 0.3511111111111111 0.7916666666666666 0.3288888888888889 0.7833333333333333 0.2644444444444444 0.7625 0.22
2 0.6208333333333333 0.23777777777777778 0.6222222222222222 0.29333333333333333 0.6125 0.3333333333333333 0.6 0.34444444444444444 0.5986111111111111 0.35555555555555557 0.6166666666666667 0.35777777777777775 0.6416666666666667 0.32666666666666666 0.6569444444444444 0.3377777777777778 0.7027777777777777 0.3288888888888889 0.6930555555555555 0.2777777777777778 0.6708333333333333 0.28444444444444444
2 0.6652777777777777 0.15333333333333332 0.6402777777777777 0.17777777777777778 0.6222222222222222 0.16666666666666666 0.6222222222222222 0.20666666666666667 0.6430555555555556 0.23777777777777778 0.6583333333333333 0.23777777777777778 0.6791666666666667 0.2577777777777778 0.7097222222222223 0.2688888888888889 0.7263888888888889 0.2222222222222222 0.7305555555555555 0.17333333333333334 0.7041666666666667 0.15333333333333332
2 0.4375 0.006666666666666667 0.4361111111111111 0.07333333333333333 0.44305555555555554 0.09777777777777778 0.4986111111111111 0.07555555555555556 0.6208333333333333 0.12222222222222222 0.6583333333333333 0.1111111111111111 0.6638888888888889 0.10222222222222223 0.6805555555555556 0.022222222222222223 0.6777777777777778 0 0.4388888888888889 0
2 0.1638888888888889 0.14444444444444443 0.16944444444444445 0.17555555555555555 0.1986111111111111 0.14222222222222222 0.16944444444444445 0.13111111111111112
2 0.18888888888888888 0.2 0.17777777777777778 0.21777777777777776 0.18888888888888888 0.24888888888888888 0.1986111111111111 0.24666666666666667 0.21805555555555556 0.26222222222222225 0.2222222222222222 0.2777777777777778 0.2361111111111111 0.2911111111111111 0.25416666666666665 0.29333333333333333 0.23333333333333334 0.18666666666666668 0.2125 0.18666666666666668
2 0.18611111111111112 0.0044444444444444444 0.15555555555555556 0.08 0.22777777777777777 0.09111111111111111 0.2263888888888889 0.024444444444444446 0.2375 0
2 0.25555555555555554 0 0.24861111111111112 0.03333333333333333 0.2611111111111111 0.051111111111111114 0.26805555555555555 0.08444444444444445 0.2875 0.1 0.3013888888888889 0.14222222222222222 0.29305555555555557 0.18222222222222223 0.2652777777777778 0.18666666666666668 0.2708333333333333 0.25555555555555554 0.2833333333333333 0.2733333333333333 0.28055555555555556 0.29555555555555557 0.2972222222222222 0.30666666666666664 0.29583333333333334 0.31777777777777777 0.36666666666666664 0.3088888888888889 0.37777777777777777 0.2222222222222222 0.39166666666666666 0.1688888888888889 0.4166666666666667 0.12444444444444444 0.4166666666666667 0.08666666666666667 0.40555555555555556 0.04666666666666667 0.3819444444444444 0
2 0.3388888888888889 0.8577777777777778 0.3388888888888889 0.9444444444444444 0.35 0.9977777777777778 0.5986111111111111 0.9977777777777778 0.6055555555555555 0.9888888888888889 0.6097222222222223 0.8844444444444445 0.5944444444444444 0.8333333333333334 0.5611111111111111 0.7733333333333333 0.5486111111111112 0.7666666666666667 0.4625 0.7688888888888888 0.4375 0.7866666666666666 0.43194444444444446 0.7533333333333333 0.4 0.7577777777777778 0.3736111111111111 0.7755555555555556 0.3597222222222222 0.7955555555555556
2 0.058333333333333334 0.7755555555555556 0.05277777777777778 0.8533333333333334 0.059722222222222225 0.9133333333333333 0.075 0.96 0.10277777777777777 0.9977777777777778 0.28055555555555556 0.9977777777777778 0.3194444444444444 0.9266666666666666 0.3333333333333333 0.8822222222222222 0.33611111111111114 0.7866666666666666 0.3263888888888889 0.7266666666666667 0.2972222222222222 0.6622222222222223 0.24722222222222223 0.6155555555555555 0.2 0.6177777777777778 0.10277777777777777 0.6822222222222222 0.09305555555555556 0.7133333333333334
2 0.04027777777777778 0.6333333333333333 0.03194444444444444 0.6555555555555556 0.044444444444444446 0.6533333333333333 0.05555555555555555 0.6377777777777778 0.05 0.6222222222222222
2 0.1375 0.5711111111111111 0.13472222222222222 0.6133333333333333 0.14583333333333334 0.6444444444444445 0.19583333333333333 0.6155555555555555 0.23055555555555557 0.6088888888888889 0.225 0.5666666666666667 0.19444444444444445 0.5444444444444444 0.14027777777777778 0.5422222222222223
2 0.016666666666666666 0.78 0 0.8177777777777778 0 0.9977777777777778 0.08888888888888889 0.9977777777777778 0.05416666666666667 0.8955555555555555 0.05138888888888889 0.8022222222222222 0.05555555555555555 0.7977777777777778 0.04583333333333333 0.7822222222222223
2 0.0125 0.2511111111111111 0 0.25555555555555554 0 0.5422222222222223 0.022222222222222223 0.5333333333333333 0.02638888888888889 0.5222222222222223 0.043055555555555555 0.5222222222222223 0.06666666666666667 0.56 0.08333333333333333 0.5688888888888889 0.09722222222222222 0.5511111111111111 0.12083333333333333 0.5444444444444444 0.12222222222222222 0.5311111111111111 0.1361111111111111 0.5177777777777778 0.14166666666666666 0.5355555555555556 0.1625 0.5355555555555556 0.18194444444444444 0.52 0.1875 0.4822222222222222 0.18611111111111112 0.44222222222222224 0.1638888888888889 0.4022222222222222 0.16527777777777777 0.35555555555555557 0.18055555555555555 0.34444444444444444 0.17777777777777778 0.3288888888888889 0.12083333333333333 0.28444444444444444 0.07222222222222222 0.27555555555555555
2 0.013888888888888888 0.04 0 0.06222222222222222 0 0.2511111111111111 0.029166666666666667 0.24888888888888888 0.030555555555555555 0.2338888888888889 0.05138888888888889 0.22 0.08194444444444444 0.1711111111111111 0.11944444444444445 0.14 0.13333333333333333 0.14 0.10416666666666667 0.04 0.09861111111111111 0.0022222222222222222 0.044444444444444446 0
2 0.07777777777777778 0.22 0.07222222222222222 0.24222222222222223 0.10694444444444444 0.21333333333333335 0.13194444444444445 0.15777777777777777 0.11805555555555555 0.15333333333333332
2 0.24583333333333332 0.4288888888888889 0.24027777777777778 0.44 0.2513888888888889 0.4533333333333333 0.2611111111111111 0.43777777777777777
2 0.18055555555555555 0.52 0.18055555555555555 0.5355555555555556 0.20833333333333334 0.5422222222222223 0.19305555555555556 0.5088888888888888
2 0.21388888888888888 0.46 0.2125 0.5 0.21944444444444444 0.5266666666666666 0.22777777777777777 0.5311111111111111 0.24305555555555555 0.4711111111111111 0.22777777777777777 0.4711111111111111
2 0.25 0.37333333333333335 0.24861111111111112 0.3933333333333333 0.27361111111111114 0.4066666666666667 0.325 0.3622222222222222 0.3680555555555556 0.3488888888888889 0.36944444444444446 0.33555555555555555 0.35138888888888886 0.31777777777777777 0.3138888888888889 0.31333333333333335 0.29305555555555557 0.3333333333333333 0.2875 0.3688888888888889 0.2763888888888889 0.3622222222222222