3 0.2590529247910863 0.084 0.2646239554317549 0.124 0.30362116991643456 0.176 0.3342618384401114 0.192 0.35376044568245124 0.18 0.362116991643454 0.112 0.3370473537604457 0.06 0.2924791086350975 0.044
3 0.4986072423398329 0.224 0.5125348189415042 0.252 0.4986072423398329 0.272 0.520891364902507 0.288 0.520891364902507 0.268 0.5013927576601671 0.216
3 0.37604456824512533 0.204 0.37604456824512533 0.28 0.40947075208913647 0.324 0.4568245125348189 0.324 0.49303621169916434 0.272 0.4986072423398329 0.216 0.4401114206128134 0.152 0.40668523676880225 0.16
3 0.5153203342618384 0.164 0.5181058495821727 0.208 0.5376044568245125 0.256 0.5626740947075209 0.272 0.5821727019498607 0.224 0.5793871866295265 0.192 0.532033426183844 0.148
3 0.5766016713091922 0.724 0.5626740947075209 0.744 0.5626740947075209 0.788 0.5905292479108635 0.82 0.5988857938718662 0.872 0.6350974930362117 0.868 0.6573816155988857 0.832 0.6518105849582173 0.772 0.6323119777158774 0.744 0.6016713091922006 0.764 0.5905292479108635 0.728
3 0.5153203342618384 0.868 0.5125348189415042 0.884 0.5348189415041783 0.916 0.5654596100278552 0.92 0.5905292479108635 0.896 0.596100278551532 0.852 0.584958217270195 0.816 0.5654596100278552 0.8 0.5431754874651811 0.808
3 0.43454038997214484 0.764 0.43175487465181056 0.82 0.4568245125348189 0.868 0.5041782729805014 0.876 0.5292479108635098 0.844 0.5376044568245125 0.816 0.5292479108635098 0.748 0.4958217270194986 0.716 0.45403899721448465 0.728
3 0.403899721448468 0.632 0.40668523676880225 0.7 0.4428969359331476 0.732 0.48746518105849584 0.708 0.5097493036211699 0.676 0.5097493036211699 0.62 0.48467966573816157 0.616 0.4456824512534819 0.58 0.4206128133704735 0.596
3 0.3983286908077994 0.452 0.38997214484679665 0.524 0.40947075208913647 0.56 0.43454038997214484 0.576 0.4763231197771588 0.564 0.4958217270194986 0.544 0.5069637883008357 0.496 0.48467966573816157 0.464 0.467966573816156 0.412 0.4373259052924791 0.412
4 0.11977715877437325 0.164 0.11977715877437325 0.188 0.1532033426183844 0.268 0.18662952646239556 0.244 0.18662952646239556 0.14 0.1532033426183844 0.12 0.14206128133704735 0.152
3 0.5571030640668524 0.544 0.5598885793871866 0.568 0.584958217270195 0.592 0.5543175487465181 0.588 0.5515320334261838 0.636 0.5598885793871866 0.652 0.5933147632311978 0.676 0.6267409470752089 0.676 0.6545961002785515 0.64 0.6573816155988857 0.588 0.649025069637883 0.56 0.6128133704735376 0.552 0.5905292479108635 0.52
3 0.5571030640668524 0.38 0.5515320334261838 0.416 0.5598885793871866 0.444 0.5905292479108635 0.468 0.6323119777158774 0.492 0.6545961002785515 0.456 0.649025069637883 0.384 0.6211699164345403 0.38 0.5988857938718662 0.352 0.5821727019498607 0.352
3 0.2841225626740947 0.232 0.2841225626740947 0.264 0.3147632311977716 0.3 0.3426183844011142 0.292 0.3593314763231198 0.264 0.3565459610027855 0.216 0.3398328690807799 0.196 0.3203342618384401 0.192
3 0.1894150417827298 0.18 0.1894150417827298 0.224 0.20612813370473537 0.26 0.27298050139275765 0.272 0.2841225626740947 0.188 0.2646239554317549 0.148 0.21448467966573817 0.136
3 0.1532033426183844 0.12 0.11977715877437325 0.164 0.11977715877437325 0.184 0.14763231197771587 0.26 0.16434540389972144 0.268 0.18662952646239556 0.244 0.19220055710306408 0.148