2 0.410625 0.12220762155059132 0.40875 0.1590013140604468 0.415625 0.19053876478318002 0.415 0.202365308804205 0.42125 0.21681997371879105 0.4325 0.22996057818659657 0.443125 0.23653088042049936 0.4675 0.23390275952693823 0.489375 0.19316688567674112 0.486875 0.18528252299605782 0.4875 0.15374507227332457 0.4825 0.12614980289093297 0.470625 0.11563731931668857 0.459375 0.09724047306176084 0.45375 0.08147174770039421 0.446875 0.08278580814717477 0.43625 0.09986859395532194 0.419375 0.1011826544021025
2 0.46125 0.2733245729303548 0.460625 0.2982917214191853 0.463125 0.3140604467805519 0.469375 0.3311432325886991 0.4775 0.33902759526938236 0.49125 0.3416557161629435 0.4975 0.33771353482260186 0.505 0.3272010512483574 0.51 0.31274638633377133 0.51 0.2890932982917214 0.4925 0.23390275952693823 0.470625 0.23390275952693823 0.468125 0.2378449408672799 0.468125 0.24704336399474375 0.465 0.25229960578186594
2 0.364375 0.22864651773981604 0.360625 0.25229960578186594 0.365 0.290407358738502 0.371875 0.32982917214191854 0.374375 0.32588699080157685 0.373125 0.3324572930354796 0.37875 0.3311432325886991 0.380625 0.3416557161629435 0.396875 0.3442838370565046 0.41375 0.33902759526938236 0.42125 0.3311432325886991 0.4325 0.30486202365308807 0.435625 0.27463863337713534 0.43375 0.23653088042049936 0.431875 0.22996057818659657 0.421875 0.21813403416557162 0.415625 0.20105124835742444 0.4025 0.19842312746386334 0.4 0.202365308804205 0.398125 0.21550591327201052 0.40125 0.23127463863337713 0.391875 0.25492772667542707 0.38375 0.24967148488830487 0.37375 0.21813403416557162 0.36875 0.21681997371879105
2 0.254375 0.10249671484888305 0.25375 0.1340341655716163 0.259375 0.16294349540078842 0.2675 0.17608409986859397 0.276875 0.164257555847569 0.28625 0.16819973718791065 0.293125 0.1800262812089356 0.294375 0.19448094612352168 0.313125 0.1800262812089356 0.323125 0.16294349540078842 0.3275 0.1471747700394218 0.32875 0.13009198423127463 0.32625 0.09067017082785808 0.31625 0.06307490144546649 0.299375 0.04336399474375821 0.286875 0.04204993429697766 0.274375 0.04993429697766097 0.25875 0.08015768725361366
2 0.2475 0.3718791064388962 0.246875 0.3968462549277267 0.25125 0.42181340341655715 0.259375 0.442838370565046 0.273125 0.45860709592641263 0.286875 0.46254927726675427 0.304375 0.4507227332457293 0.31125 0.43889618922470436 0.32 0.40341655716162944 0.320625 0.3731931668856767 0.318125 0.35216819973718794 0.30625 0.316688567674113 0.291875 0.2982917214191853 0.281875 0.2982917214191853 0.28125 0.316688567674113 0.27625 0.316688567674113 0.271875 0.30223390275952694 0.265 0.31011826544021026 0.255625 0.3311432325886991
2 0.1925 0.3180026281208936 0.191875 0.3219448094612352 0.2 0.33377135348226017 0.2 0.3416557161629435 0.20375 0.3442838370565046 0.204375 0.3495400788436268 0.216875 0.34296977660972405 0.225 0.32982917214191854 0.21125 0.316688567674113
2 0.20875 0.37056504599211565 0.208125 0.37582128777923784 0.2125 0.3876478318002628 0.220625 0.39947437582128775 0.231875 0.3639947437582129 0.231875 0.34296977660972405 0.228125 0.3403416557161629
2 0.165 0.3718791064388962 0.165 0.40473061760841 0.173125 0.44021024967148487 0.188125 0.4612352168199737 0.194375 0.4651773981603154 0.20375 0.46386333771353483 0.21375 0.43626806833114323 0.21875 0.4126149802890933 0.20625 0.3902759526938239 0.198125 0.3902759526938239 0.191875 0.3823915900131406 0.19125 0.36136662286465177 0.195625 0.34822601839684625 0.194375 0.3363994743758213 0.185 0.32457293035479634 0.18 0.32588699080157685 0.17125 0.34296977660972405
2 0.378125 0.34822601839684625 0.3775 0.3718791064388962 0.38125 0.3876478318002628 0.3925 0.41392904073587383 0.39625 0.41130091984231276 0.398125 0.40341655716162944 0.3975 0.38107752956636004 0.39375 0.35348226018396844 0.39 0.3442838370565046 0.385 0.3416557161629435 0.379375 0.34296977660972405
2 0.321875 0.3745072273324573 0.32125 0.4007884362680683 0.323125 0.4204993429697766 0.331875 0.44940867279894875 0.339375 0.4612352168199737 0.350625 0.4704336399474376 0.365 0.47174770039421815 0.370625 0.4664914586070959 0.3725 0.43626806833114323 0.37 0.3902759526938239 0.365 0.37844940867279897 0.36125 0.3797634691195795 0.35625 0.38896189224704336 0.354375 0.3718791064388962 0.344375 0.3442838370565046 0.34625 0.32982917214191854 0.35 0.32588699080157685 0.35 0.31274638633377133 0.345 0.31274638633377133 0.336875 0.32063074901445465 0.329375 0.3363994743758213
2 0.38875 0.4730617608409987 0.388125 0.48226018396846254 0.396875 0.5243101182654402 0.408125 0.5348226018396847 0.421875 0.5348226018396847 0.431875 0.5282522996057819 0.441875 0.507227332457293 0.44625 0.4835742444152431 0.445 0.4507227332457293 0.439375 0.4283837056504599 0.431875 0.41655716162943496 0.41625 0.40341655716162944 0.414375 0.40473061760841 0.413125 0.4152431011826544 0.4125 0.4323258869908016 0.415625 0.4467805519053876 0.4125 0.45860709592641263 0.408125 0.4664914586070959 0.39375 0.46780551905387646
2 0.398125 0.4060446780551905 0.39375 0.4191852825229961 0.405 0.4323258869908016 0.41 0.4204993429697766 0.409375 0.40473061760841 0.403125 0.4021024967148489
2 0.32875 0.6307490144546649 0.328125 0.6649145860709592 0.33 0.6727989487516426 0.341875 0.7082785808147175 0.353125 0.7240473061760841 0.36375 0.7319316688567674 0.3775 0.7319316688567674 0.38875 0.7240473061760841 0.393125 0.7161629434954008 0.393125 0.7030223390275953 0.395625 0.7030223390275953 0.396875 0.7082785808147175 0.39125 0.6925098554533509 0.396875 0.6846254927726675 0.393125 0.657030223390276 0.39625 0.6517739816031537 0.4 0.6622864651773982 0.401875 0.6609724047306176 0.39875 0.6544021024967148 0.4025 0.6478318002628121 0.405 0.6320630749014454 0.40375 0.6097240473061761 0.399375 0.5992115637319316 0.39375 0.5965834428383706 0.374375 0.5703022339027596 0.35875 0.5663600525624178 0.345625 0.5795006570302234 0.336875 0.59526938239159
2 0.39375 0.7253613666228647 0.393125 0.7450722733245729 0.395625 0.7726675427069645 0.404375 0.7989487516425755 0.405625 0.80946123521682 0.423125 0.823915900131406 0.435625 0.8252299605781866 0.45125 0.8134034165571616 0.464375 0.7923784494086727 0.47125 0.7621550591327201 0.471875 0.7279894875164258 0.46625 0.7003942181340341 0.460625 0.6885676741130092 0.43875 0.6727989487516426 0.426875 0.671484888304862 0.418125 0.6859395532194481 0.410625 0.6885676741130092 0.4075 0.7135348226018396 0.4125 0.7174770039421814 0.4075 0.7266754270696452 0.400625 0.7161629434954008 0.39625 0.7174770039421814
2 0.42875 0.8436268068331143 0.428125 0.8685939553219448 0.435625 0.9080157687253614 0.44375 0.9250985545335085 0.456875 0.938239159001314 0.471875 0.9395532194480947 0.484375 0.9277266754270697 0.4925 0.9106438896189225 0.49875 0.8817345597897503 0.5 0.8607095926412615 0.49625 0.8331143232588699 0.485625 0.8068331143232589 0.47875 0.7989487516425755 0.45875 0.8042049934296978 0.449375 0.8173455978975033 0.43625 0.8252299605781866 0.43125 0.8331143232588699
2 0.20375 0.8081471747700394 0.2025 0.8252299605781866 0.208125 0.8291721419185283 0.21125 0.8409986859395532 0.208125 0.8685939553219448 0.21 0.8817345597897503 0.22 0.9014454664914586 0.231875 0.911957950065703 0.251875 0.9132720105124835 0.265625 0.9027595269382391 0.275625 0.8804204993429697 0.280625 0.8567674113009198 0.281875 0.8304862023653088 0.28 0.8081471747700394 0.27375 0.78580814717477 0.263125 0.771353482260184 0.245625 0.7647831800262812 0.224375 0.7687253613666228 0.2125 0.7818659658344284
2 0.315 0.59526938239159 0.314375 0.607095926412615 0.318125 0.6189224704336399 0.33875 0.5650459921156373 0.344375 0.5400788436268068 0.336875 0.5400788436268068 0.325 0.557161629434954 0.318125 0.5755584756898817