3 0.39714285714285713 0.171875 0.38285714285714284 0.203125 0.38285714285714284 0.26171875 0.3942857142857143 0.29296875 0.42857142857142855 0.3203125 0.46 0.3203125 0.4857142857142857 0.30078125 0.5085714285714286 0.25390625 0.49714285714285716 0.21875 0.5085714285714286 0.21484375 0.5057142857142857 0.19921875 0.48857142857142855 0.2109375 0.4857142857142857 0.1875 0.44857142857142857 0.1484375
3 0.26857142857142857 0.07421875 0.26857142857142857 0.1171875 0.3142857142857143 0.17578125 0.3457142857142857 0.1875 0.3628571428571429 0.17578125 0.3742857142857143 0.125 0.3485714285714286 0.05859375 0.29714285714285715 0.04296875
4 0.5714285714285714 0.453125 0.5685714285714286 0.46484375 0.5828571428571429 0.484375 0.6 0.484375 0.5828571428571429 0.453125
3 0.5685714285714286 0.375 0.5657142857142857 0.40625 0.5771428571428572 0.43359375 0.64 0.48046875 0.6657142857142857 0.45703125 0.6742857142857143 0.42578125 0.6657142857142857 0.375 0.6371428571428571 0.37109375 0.6142857142857143 0.34375 0.5971428571428572 0.34375
3 0.5971428571428572 0.76953125 0.5942857142857143 0.78515625 0.6142857142857143 0.84375 0.6285714285714286 0.85546875 0.6514285714285715 0.84765625 0.6742857142857143 0.8125 0.6742857142857143 0.76953125 0.6485714285714286 0.7265625
3 0.5274828571428571 0.84765625 0.5274828571428571 0.8671875 0.5446257142857143 0.88671875 0.5760542857142857 0.8984375 0.6074828571428571 0.87109375 0.61034 0.8359375 0.5960542857142858 0.79296875 0.57034 0.78125 0.5531971428571428 0.7890625 0.55034 0.8125
3 0.4446257142857143 0.74609375 0.44176857142857145 0.80078125 0.46748285714285714 0.84765625 0.5160542857142857 0.85546875 0.5446257142857143 0.81640625 0.55034 0.78125 0.5417685714285714 0.73046875 0.5074828571428571 0.69921875 0.4646257142857143 0.7109375
3 0.4131971428571429 0.6171875 0.4131971428571429 0.671875 0.4446257142857143 0.7109375 0.49891142857142856 0.69140625 0.5217685714285715 0.66015625 0.5217685714285715 0.609375 0.49891142857142856 0.60546875 0.4560542857142857 0.56640625 0.43319714285714284 0.578125
3 0.4017685714285714 0.45703125 0.4017685714285714 0.51953125 0.43891142857142856 0.5625 0.4960542857142857 0.54296875 0.5189114285714286 0.49609375 0.47891142857142854 0.40234375 0.43319714285714284 0.41015625
3 0.5674828571428572 0.5390625 0.5760542857142857 0.55859375 0.5646257142857143 0.578125 0.5646257142857143 0.62109375 0.5874828571428572 0.6484375 0.6417685714285715 0.66015625 0.6731971428571428 0.62109375 0.6731971428571428 0.56640625 0.6617685714285714 0.54296875 0.6274828571428571 0.5390625 0.6074828571428571 0.5078125 0.5789114285714285 0.515625
3 0.29034 0.2265625 0.2931971428571429 0.265625 0.3217685714285714 0.29296875 0.35034 0.28515625 0.36748285714285717 0.2578125 0.3646257142857143 0.2109375 0.3389114285714286 0.1875 0.31891142857142857 0.19140625
3 0.1960542857142857 0.1640625 0.19319714285714285 0.21875 0.20748285714285714 0.25 0.2617685714285714 0.26953125 0.2789114285714286 0.2578125 0.29034 0.18359375 0.27034 0.14453125 0.21891142857142856 0.1328125
3 0.1560542857142857 0.12109375 0.13891142857142857 0.15625 0.11891142857142857 0.1640625 0.15034 0.25390625 0.16748285714285716 0.26171875 0.19034 0.23828125 0.1960542857142857 0.1484375 0.17891142857142858 0.125