2 0.38953488372093026 0.33471933471933474 0.35 0.45322245322245325 0.34069767441860466 0.4656964656964657 0.36046511627906974 0.49480249480249483 0.386046511627907 0.5613305613305614 0.4011627906976744 0.6340956340956341 0.40232558139534885 0.7006237006237006 0.4069767441860465 0.7089397089397089 0.45 0.7505197505197505 0.4848837209302326 0.762993762993763 0.513953488372093 0.762993762993763 0.5732558139534883 0.7338877338877339 0.6186046511627907 0.6694386694386695 0.6441860465116279 0.5925155925155925 0.6488372093023256 0.5197505197505198 0.6360465116279069 0.4386694386694387 0.608139534883721 0.3762993762993763 0.5686046511627907 0.3284823284823285 0.5523255813953488 0.3180873180873181 0.5244186046511627 0.3471933471933472 0.48023255813953486 0.35550935550935553 0.46017441860465114 0.35550935550935553 0.43372093023255814 0.3201663201663202
2 0.0872093023255814 0.5634095634095634 0.08837209302325581 0.6756756756756757 0.0941860465116279 0.7151767151767152 0.11162790697674418 0.7733887733887734 0.13837209302325582 0.8253638253638254 0.17093023255813952 0.8711018711018711 0.21627906976744185 0.9043659043659044 0.28255813953488373 0.9064449064449065 0.3372093023255814 0.8711018711018711 0.3744186046511628 0.8087318087318087 0.39069767441860465 0.7546777546777547 0.4 0.7006237006237006 0.4 0.6382536382536382 0.39069767441860465 0.5821205821205822 0.3569767441860465 0.501039501039501 0.3116279069767442 0.4407484407484408 0.25813953488372093 0.3908523908523909 0.2186046511627907 0.367983367983368 0.1686046511627907 0.3762993762993763 0.1372093023255814 0.4074844074844075 0.10232558139534884 0.4802494802494803 0.09186046511627907 0.5135135135135135
2 0.6139534883720931 0.16632016632016633 0.6151162790697674 0.17463617463617465 0.6186046511627907 0.17255717255717257 0.6174418604651163 0.1787941787941788 0.6232558139534884 0.18087318087318088 0.6174418604651163 0.18503118503118504 0.622093023255814 0.1995841995841996 0.6255813953488372 0.1891891891891892 0.6302325581395349 0.19542619542619544 0.6255813953488372 0.2079002079002079 0.6337209302325582 0.24324324324324326 0.6232558139534884 0.25363825363825365 0.6232558139534884 0.26195426195426197 0.6337209302325582 0.2785862785862786 0.641860465116279 0.2806652806652807 0.6406976744186047 0.2869022869022869 0.6465116279069767 0.28482328482328484 0.6511627906976745 0.31185031185031187 0.6569767441860465 0.316008316008316 0.6511627906976745 0.32432432432432434 0.6534883720930232 0.3388773388773389 0.6453488372093024 0.3575883575883576 0.6151162790697674 0.38461538461538464 0.6360465116279069 0.43451143451143454 0.6476744186046511 0.49064449064449067 0.65 0.5509355509355509 0.6383720930232558 0.6257796257796258 0.6627906976744186 0.6424116424116424 0.708139534883721 0.6507276507276507 0.7511627906976744 0.6361746361746362 0.7883720930232558 0.6029106029106029 0.8209302325581396 0.5426195426195426 0.8337209302325581 0.4968814968814969 0.8406976744186047 0.44282744282744285 0.836046511627907 0.35343035343035345 0.8290697674418605 0.316008316008316 0.8127906976744186 0.26403326403326405 0.7825581395348837 0.21205821205821207 0.7488372093023256 0.1891891891891892 0.7116279069767442 0.19126819126819128 0.672093023255814 0.2182952182952183 0.663953488372093 0.18087318087318088 0.6616279069767442 0.13097713097713098 0.6581395348837209 0.16632016632016633 0.6162790697674418 0.17255717255717257
2 0.6034883720930233 0.288981288981289 0.6023255813953489 0.2993762993762994 0.6151162790697674 0.30353430353430355 0.6197674418604651 0.29521829521829523 0.6232558139534884 0.30145530145530147 0.6104651162790697 0.2785862785862786
2 0.5883720930232558 0.3305613305613306 0.586046511627907 0.3471933471933472 0.6046511627906976 0.3700623700623701 0.6232558139534884 0.367983367983368 0.6174418604651163 0.36174636174636177 0.6232558139534884 0.34511434511434513 0.6151162790697674 0.33264033264033266 0.5988372093023255 0.32432432432432434
2 0.5511627906976744 0.31185031185031187 0.5802325581395349 0.34303534303534305 0.5837209302325581 0.34303534303534305 0.5895348837209302 0.3264033264033264 0.5872093023255814 0.3180873180873181 0.5767441860465117 0.31185031185031187 0.5720930232558139 0.33264033264033266 0.5662790697674419 0.3264033264033264 0.5703488372093023 0.31185031185031187 0.563953488372093 0.31185031185031187 0.563953488372093 0.32432432432432434 0.5575581395348838 0.31185031185031187
2 0.5488372093023256 0.2806652806652807 0.5511627906976744 0.29313929313929316 0.5837209302325581 0.29313929313929316 0.5767441860465117 0.2661122661122661 0.5604651162790698 0.2806652806652807
2 0.4558139534883721 0.1496881496881497 0.45930232558139533 0.17671517671517672 0.4697674418604651 0.20374220374220375 0.4744186046511628 0.20582120582120583 0.47674418604651164 0.1787941787941788 0.46511627906976744 0.15384615384615385
2 0.3813953488372093 0.20166320166320167 0.37906976744186044 0.20997920997921 0.3883720930232558 0.2203742203742204 0.4104651162790698 0.23284823284823286 0.42441860465116277 0.23076923076923078 0.4232558139534884 0.1683991683991684
2 0.34418604651162793 0.2661122661122661 0.34069767441860466 0.28274428274428276 0.34418604651162793 0.2806652806652807 0.35930232558139535 0.2993762993762994 0.3581395348837209 0.28482328482328484 0.36627906976744184 0.2785862785862786 0.3697674418604651 0.2785862785862786 0.3686046511627907 0.2993762993762994 0.37093023255813956 0.2765072765072765 0.3744186046511628 0.2785862785862786 0.3767441860465116 0.2972972972972973 0.37790697674418605 0.2910602910602911 0.3825581395348837 0.29313929313929316 0.3813953488372093 0.2806652806652807 0.3918604651162791 0.2869022869022869 0.4104651162790698 0.2681912681912682 0.3697674418604651 0.2182952182952183 0.3558139534883721 0.23700623700623702
2 0.35348837209302325 0.34511434511434513 0.35 0.3492723492723493 0.3558139534883721 0.3575883575883576 0.35 0.3575883575883576 0.34651162790697676 0.3492723492723493 0.34767441860465115 0.3575883575883576 0.3430232558139535 0.35135135135135137 0.33488372093023255 0.35550935550935553 0.35930232558139535 0.36174636174636177 0.3686046511627907 0.3887733887733888 0.3802325581395349 0.3991683991683992 0.40232558139534885 0.36174636174636177 0.4069767441860465 0.37214137214137216 0.413953488372093 0.35135135135135137 0.4232558139534884 0.340956340956341 0.4325581395348837 0.340956340956341 0.43488372093023253 0.316008316008316
2 0.4790697674418605 0.1496881496881497 0.47093023255813954 0.1496881496881497 0.4848837209302326 0.18711018711018712 0.4755813953488372 0.2182952182952183 0.4755813953488372 0.23284823284823286 0.48953488372093024 0.26403326403326405 0.5267441860465116 0.25571725571725573 0.563953488372093 0.23492723492723494 0.5488372093023256 0.20582120582120583 0.5244186046511627 0.17463617463617465
2 0.2895348837209302 0.38253638253638256 0.2895348837209302 0.41164241164241167 0.2988372093023256 0.42203742203742206 0.3081395348837209 0.38461538461538464 0.29651162790697677 0.367983367983368
2 0.3244186046511628 0.3970893970893971 0.32325581395348835 0.43451143451143454 0.32790697674418606 0.44282744282744285 0.3244186046511628 0.44282744282744285 0.33372093023255817 0.45114345114345117 0.33488372093023255 0.46153846153846156 0.3453488372093023 0.4781704781704782 0.363953488372093 0.4802494802494803 0.37906976744186044 0.4490644490644491 0.3825581395348837 0.41995841995842 0.3767441860465116 0.40540540540540543 0.37790697674418605 0.3908523908523909 0.36046511627906974 0.3471933471933472 0.32906976744186045 0.35550935550935553
2 0.08488372093023255 0.3866943866943867 0.08372093023255814 0.47193347193347196 0.09186046511627907 0.5176715176715176 0.11511627906976744 0.44490644490644493 0.15 0.39293139293139295 0.18488372093023256 0.367983367983368 0.22441860465116278 0.3659043659043659 0.24069767441860465 0.3492723492723493 0.24302325581395348 0.33471933471933474 0.24651162790697675 0.34303534303534305 0.2755813953488372 0.3388773388773389 0.28488372093023256 0.3305613305613306 0.2941860465116279 0.3097713097713098 0.26395348837209304 0.2993762993762994 0.25232558139534883 0.2806652806652807 0.24651162790697675 0.28274428274428276 0.24069767441860465 0.24324324324324326 0.21744186046511627 0.2182952182952183 0.18488372093023256 0.20374220374220375 0.16046511627906976 0.2079002079002079 0.13372093023255813 0.2286902286902287 0.11511627906976744 0.2577962577962578 0.09767441860465116 0.3097713097713098